image: map_0611_shiwai_benjidaochu.pgm
resolution: 0.050000
origin: [-35.386082, -66.269844, 0.000000]
negate: 0
occupied_thresh: 0.65
free_thresh: 0.196

